Users
100 Rajas 1000.00
101 Shubha 45000.00
102 Tejas 2000.00
103 Prajwal 12000.00
104 Mihir 25000.00
105 Vedant 18000.00
106 Archit 15000.00
107 Chinmay 27000.00
108 Aarsh 16000.00
109 Ankush 14000.00
110 Aniket 19000.00
111 Rudra 22000.00
112 Mayank 13000.00
113 Rahul 24000.00
114 Yasir 26000.00
115 Atharva 28000.00

Families
1 Darya 48000.00 590.00
2 Joshi 70000.00 1250.00
3 Mehta 76000.00 1520.00
4 Sharma 113000.00 2120.00

Memberships
100 1
101 1
102 1
103 2
104 2
105 2
106 2
107 3
108 3
109 3
110 3
111 4
112 4
113 4
114 4
115 4

Expenses
1 100 100.00 0 3 3
2 101 190.00 2 3 3
3 102 300.00 1 5 2
4 103 220.00 3 2 1
5 104 450.00 0 4 2
6 105 370.00 2 1 5
7 106 210.00 1 3 2
8 107 280.00 4 5 3
9 108 500.00 2 4 4
10 109 430.00 0 3 1
11 110 310.00 3 2 2
12 111 270.00 1 4 5
13 112 600.00 4 1 3
14 113 320.00 3 5 2
15 114 380.00 0 4 4
16 115 550.00 2 2 5
